# fdd driver
curl 617 637 10 90 180
curl 691 637 10 0 90
line 617 627 691 627
line 701 637 701 669
curl 691 669 10 270 360
line 691 679 617 679
curl 617 669 10 180 270
line 607 637 607 639
line 607 669 607 665
line 607 665 454 665
line 607 639 454 639
curl 454 655 10 180 270
curl 454 649 10 90 180
line 444 655 444 649
rect 484 646 200 10 
curl 633 641 8 90 180
curl 633 660 8 180 270
curl 675 641 8 0 90
curl 675 660 8 270 360
line 633 633 675 633
line 633 668 675 668
line 683 660 683 641
line 625 656 625 660
line 625 641 625 646
