# keyboard connection
curl 629 807 10 90 180
curl 629 835 10 180 270
curl 688 835 10 270 360
curl 688 807 10 0 90
line 619 807 619 835
line 629 845 688 845
line 698 835 698 807
line 688 797 629 797
rect 669 802 20 34
#body
curl 233 160 10 90 180
line 223 160 223 778
curl 233 778 10 180 270
line 228 788 791 788
curl 791 778 10 270 360
line 801 778 801 160
curl 791 160 10 0 90
line 791 150 233 150
curl 270 191 10 90 180
line 260 191 260 741
curl 270 741 10 180 270
line 270 751 754 751
curl 754 741 10 270 360
line 764 741 764 191
curl 754 191 10 0 90
line 754 181 270 181
#base
line 233 788 233 865
curl 243 865 10 180 270
line 243 875 781 875
curl 781 865 10 270 360
line 791 865 791 788
#display window
curl 301 225 8 90 180
line 293 225 293 548
curl 301 546 8 180 270
line 301 554 723 554
curl 723 546 8 270 360
line 731 546 731 225
curl 723 225 8 0 90
line 723 217 301 217
#cathode-ray window
curl 512 1725 1500 90 97.4
curl 320 247 9 97.4 174
curl 1604 382 1300 174 186
curl 512 1725 1500 82.6 97.4
curl 512 -961 1500 262.6 277.4
curl -580 382 1300 0 6
curl -580 382 1300 354 360
curl 704 247 9 6 82.6
curl 320 517 9 186 262.6
curl 704 517 9 277.4 354
#display content
curl 332 264 8 90 180
line 324 264 324 500
curl 332 500 8 180 270
line 332 508 692 508
curl 692 500 8 270 360
line 700 500 700 264
curl 692 264 8 0 90
line 692 256 332 256
# fdd driver
curl 617 637 10 90 180
curl 691 637 10 0 90
line 617 627 691 627
line 701 637 701 669
curl 691 669 10 270 360
line 691 679 617 679
curl 617 669 10 180 270
line 607 637 607 639
line 607 669 607 665
line 607 665 454 665
line 607 639 454 639
curl 454 655 10 180 270
curl 454 649 10 90 180
line 444 655 444 649
rect 484 646 200 10 
curl 633 641 8 90 180
curl 633 660 8 180 270
curl 675 641 8 0 90
curl 675 660 8 270 360
line 633 633 675 633
line 633 668 675 668
line 683 660 683 641
line 625 656 625 660
line 625 641 625 646
fill 500 400 silver
fill 512 240 black
fill 664 650 black
fill 655 640 dim
fill 655 662 dim
line 310 525 298 552 dim
line 724 220 715 240 dim
fill 310 228 dim
line 231 786 266 754 dim
line 798 157 767 188 dim
fill 780 770 dim
fill 544 833 gray
fill 640 820 dim
fill 680 820 black
line 258 748 226 777 silver
fill 250 763 silver
line 785 153 761 180 silver
fill 774 176 silver
line 685 635 697 633 gray
line 482 647 451 643 gray
fill 617 637 gray
line 452 663 482 658 silver
fill 462 653 silver
line 610 664 621 659 silver
line 629 671 617 677 silver
fill 617 668 silver
