#display window
curl 301 225 8 90 180
line 293 225 293 548
curl 301 546 8 180 270
line 301 554 723 554
curl 723 546 8 270 360
line 731 546 731 225
curl 723 225 8 0 90
line 723 217 301 217
#cathode-ray window
curl 512 1725 1500 90 97.4
curl 320 247 9 97.4 174
curl 1604 382 1300 174 186
curl 512 1725 1500 82.6 97.4
curl 512 -961 1500 262.6 277.4
curl -580 382 1300 0 6
curl -580 382 1300 354 360
curl 704 247 9 6 82.6
curl 320 517 9 186 262.6
curl 704 517 9 277.4 354
#display content
curl 332 264 8 90 180
line 324 264 324 500
curl 332 500 8 180 270
line 332 508 692 508
curl 692 500 8 270 360
line 700 500 700 264
curl 692 264 8 0 90
line 692 256 332 256
